{
 "cells": [
  {
   "cell_type": "code",
   "execution_count": 4,
   "id": "941bbed8",
   "metadata": {},
   "outputs": [
    {
     "name": "stdout",
     "output_type": "stream",
     "text": [
      "WARNING:tensorflow:From /work/submit/dhoang/miniconda3/envs/tau_training/lib/python3.8/site-packages/tensorflow/python/compat/v2_compat.py:107: disable_resource_variables (from tensorflow.python.ops.variable_scope) is deprecated and will be removed in a future version.\n",
      "Instructions for updating:\n",
      "non-resource variables are not supported in the long term\n"
     ]
    },
    {
     "name": "stderr",
     "output_type": "stream",
     "text": [
      "2023-04-06 23:26:21.607743: I tensorflow/compiler/mlir/mlir_graph_optimization_pass.cc:357] MLIR V1 optimization pass is not enabled\n",
      "2023-04-06 23:26:21.618163: W tensorflow/c/c_api.cc:291] Operation '{name:'dense_3/kernel/Assign' id:75 op device:{requested: '', assigned: ''} def:{{{node dense_3/kernel/Assign}} = AssignVariableOp[_has_manual_control_dependencies=true, dtype=DT_FLOAT, validate_shape=false](dense_3/kernel, dense_3/kernel/Initializer/random_uniform)}}' was changed by setting attribute after it was run by a session. This mutation will have no effect, and will trigger an error in the future. Either don't modify nodes after running them or create a new session.\n",
      "2023-04-06 23:26:21.775293: W tensorflow/c/c_api.cc:291] Operation '{name:'dense_3/bias/v/Assign' id:284 op device:{requested: '', assigned: ''} def:{{{node dense_3/bias/v/Assign}} = AssignVariableOp[_has_manual_control_dependencies=true, dtype=DT_FLOAT, validate_shape=false](dense_3/bias/v, dense_3/bias/v/Initializer/zeros)}}' was changed by setting attribute after it was run by a session. This mutation will have no effect, and will trigger an error in the future. Either don't modify nodes after running them or create a new session.\n"
     ]
    },
    {
     "name": "stdout",
     "output_type": "stream",
     "text": [
      "[<tf.Tensor 'dense_3/Sigmoid:0' shape=(?, 1) dtype=float32>]\n",
      "[<tf.Tensor 'dense_input:0' shape=(?, 80) dtype=float32>]\n"
     ]
    },
    {
     "data": {
      "text/plain": [
       "'model/tf_model.pb'"
      ]
     },
     "execution_count": 4,
     "metadata": {},
     "output_type": "execute_result"
    }
   ],
   "source": [
    "from keras import backend as K                                                                                                                                                                                                                           \n",
    "from keras.models import load_model\n",
    "\n",
    "import tensorflow.compat.v1 as tf\n",
    "tf.disable_v2_behavior()\n",
    "\n",
    "\n",
    "model  = load_model('../models/Feb_4_2023_JetMetTalk_v1_pTShape_EMSeed.h5')                                                                                                                                                                \n",
    "print(model.outputs)\n",
    "print(model.inputs)\n",
    "\n",
    "def freeze_session(session, keep_var_names=None, output_names=None, clear_devices=True):\n",
    "    from tensorflow.python.framework.graph_util import convert_variables_to_constants\n",
    "    graph = session.graph\n",
    "    with graph.as_default():\n",
    "        freeze_var_names = list(set(v.op.name for v in tf.global_variables()).difference(keep_var_names or []))\n",
    "        output_names = output_names or []\n",
    "        output_names += [v.op.name for v in tf.global_variables()]\n",
    "        # Graph -> GraphDef ProtoBuf\n",
    "        \n",
    "        input_graph_def = graph.as_graph_def()\n",
    "        if clear_devices:\n",
    "            for node in input_graph_def.node:\n",
    "                node.device = \"\"\n",
    "        frozen_graph = convert_variables_to_constants(session, input_graph_def,\n",
    "                                                      output_names, freeze_var_names)\n",
    "        return frozen_graph\n",
    "\n",
    "\n",
    "frozen_graph = freeze_session(K.get_session(),\n",
    "                              output_names=[out.op.name for out in model.outputs])\n",
    "\n",
    "tf.train.write_graph(frozen_graph, \"model\", \"tf_model.pb\", as_text=False)"
   ]
  },
  {
   "cell_type": "markdown",
   "id": "99ab386d",
   "metadata": {},
   "source": [
    "----"
   ]
  },
  {
   "cell_type": "code",
   "execution_count": 1,
   "id": "808ac7c3",
   "metadata": {},
   "outputs": [
    {
     "name": "stderr",
     "output_type": "stream",
     "text": [
      "2023-04-13 11:04:21.783455: I tensorflow/core/platform/cpu_feature_guard.cc:193] This TensorFlow binary is optimized with oneAPI Deep Neural Network Library (oneDNN) to use the following CPU instructions in performance-critical operations:  AVX2 FMA\n",
      "To enable them in other operations, rebuild TensorFlow with the appropriate compiler flags.\n",
      "2023-04-13 11:04:22.198496: W tensorflow/compiler/xla/stream_executor/platform/default/dso_loader.cc:64] Could not load dynamic library 'libcudart.so.11.0'; dlerror: libcudart.so.11.0: cannot open shared object file: No such file or directory\n",
      "2023-04-13 11:04:22.198576: I tensorflow/compiler/xla/stream_executor/cuda/cudart_stub.cc:29] Ignore above cudart dlerror if you do not have a GPU set up on your machine.\n",
      "2023-04-13 11:04:25.441999: W tensorflow/compiler/xla/stream_executor/platform/default/dso_loader.cc:64] Could not load dynamic library 'libnvinfer.so.7'; dlerror: libnvinfer.so.7: cannot open shared object file: No such file or directory\n",
      "2023-04-13 11:04:25.442136: W tensorflow/compiler/xla/stream_executor/platform/default/dso_loader.cc:64] Could not load dynamic library 'libnvinfer_plugin.so.7'; dlerror: libnvinfer_plugin.so.7: cannot open shared object file: No such file or directory\n",
      "2023-04-13 11:04:25.442154: W tensorflow/compiler/tf2tensorrt/utils/py_utils.cc:38] TF-TRT Warning: Cannot dlopen some TensorRT libraries. If you would like to use Nvidia GPU with TensorRT, please make sure the missing libraries mentioned above are installed properly.\n",
      "2023-04-13 11:04:32.606971: W tensorflow/compiler/xla/stream_executor/platform/default/dso_loader.cc:64] Could not load dynamic library 'libcuda.so.1'; dlerror: libcuda.so.1: cannot open shared object file: No such file or directory\n",
      "2023-04-13 11:04:32.607039: W tensorflow/compiler/xla/stream_executor/cuda/cuda_driver.cc:265] failed call to cuInit: UNKNOWN ERROR (303)\n",
      "2023-04-13 11:04:32.607084: I tensorflow/compiler/xla/stream_executor/cuda/cuda_diagnostics.cc:156] kernel driver does not appear to be running on this host (submit07.mit.edu): /proc/driver/nvidia/version does not exist\n",
      "2023-04-13 11:04:32.607679: I tensorflow/core/platform/cpu_feature_guard.cc:193] This TensorFlow binary is optimized with oneAPI Deep Neural Network Library (oneDNN) to use the following CPU instructions in performance-critical operations:  AVX2 FMA\n",
      "To enable them in other operations, rebuild TensorFlow with the appropriate compiler flags.\n"
     ]
    },
    {
     "name": "stdout",
     "output_type": "stream",
     "text": [
      "Interpreting Sequential\n",
      "Topology:\n",
      "Layer name: dense_input, layer type: InputLayer, input shapes: [[None, 80]], output shape: [None, 80]\n",
      "Layer name: dense, layer type: Dense, input shapes: [[None, 80]], output shape: [None, 25]\n",
      "Layer name: dense_1, layer type: Dense, input shapes: [[None, 25]], output shape: [None, 10]\n",
      "Layer name: dense_2, layer type: Dense, input shapes: [[None, 10]], output shape: [None, 10]\n",
      "Layer name: dense_3, layer type: Dense, input shapes: [[None, 10]], output shape: [None, 1]\n",
      "Creating HLS model\n",
      "normal [[-0.24994563 -0.0159213   0.0298471  ... -0.19190465 -0.00814264\n",
      "  -0.15155232]\n",
      " [ 1.2868135   0.13748017  0.3907948  ... -0.33962274 -0.08765265\n",
      "  -0.11767972]\n",
      " [ 0.06714126 -0.60412    -0.3846691  ...  0.01870272  0.10997168\n",
      "   0.2667966 ]\n",
      " ...\n",
      " [-0.38739282 -1.1213598  -0.9563499  ...  0.26902235  1.5735186\n",
      "   0.590647  ]\n",
      " [-2.6767962   0.40217704  0.49060968 ...  1.56427    -0.23800702\n",
      "   0.7030928 ]\n",
      " [-1.849587   -0.04740064  0.06504993 ...  0.42877647  0.41920695\n",
      "   0.491242  ]]\n",
      "Transpose [[-0.24994563  1.2868135   0.06714126 ... -0.38739282 -2.6767962\n",
      "  -1.849587  ]\n",
      " [-0.0159213   0.13748017 -0.60412    ... -1.1213598   0.40217704\n",
      "  -0.04740064]\n",
      " [ 0.0298471   0.3907948  -0.3846691  ... -0.9563499   0.49060968\n",
      "   0.06504993]\n",
      " ...\n",
      " [-0.19190465 -0.33962274  0.01870272 ...  0.26902235  1.56427\n",
      "   0.42877647]\n",
      " [-0.00814264 -0.08765265  0.10997168 ...  1.5735186  -0.23800702\n",
      "   0.41920695]\n",
      " [-0.15155232 -0.11767972  0.2667966  ...  0.590647    0.7030928\n",
      "   0.491242  ]]\n",
      "normal [-0.12057505 -0.05409636  0.27422485  0.4977592  -0.73482585  0.44995615\n",
      "  0.52624124 -0.71328187 -0.43596983  0.1077287  -0.68372047  0.22197038\n",
      " -0.53673136 -0.00771     0.06140821  1.288661   -0.12453079  0.16897179\n",
      "  0.18858922 -0.17255782 -0.2424237  -0.21922758  0.40799412  0.46138164\n",
      "  0.85911417]\n",
      "Transpose [-0.12057505 -0.05409636  0.27422485  0.4977592  -0.73482585  0.44995615\n",
      "  0.52624124 -0.71328187 -0.43596983  0.1077287  -0.68372047  0.22197038\n",
      " -0.53673136 -0.00771     0.06140821  1.288661   -0.12453079  0.16897179\n",
      "  0.18858922 -0.17255782 -0.2424237  -0.21922758  0.40799412  0.46138164\n",
      "  0.85911417]\n",
      "normal [[ 2.09970653e-01  2.31094584e-01  5.64669609e-01  2.27112040e-01\n",
      "  -2.01320708e-01 -2.73639143e-01  1.49277166e-01 -1.61032721e-01\n",
      "  -8.34562659e-01 -1.63598537e-01]\n",
      " [ 4.21160609e-01  2.57562071e-01  4.04728204e-02  2.15919942e-01\n",
      "  -2.65837759e-01 -5.50548196e-01  4.16116655e-01 -2.32197493e-02\n",
      "   7.04280287e-02  5.01354516e-01]\n",
      " [ 7.03545008e-03 -2.08292022e-01 -3.37026596e-01 -1.23962291e-01\n",
      "  -1.18806116e-01 -2.73295730e-01 -1.14528023e-01 -3.18977505e-01\n",
      "   2.12644696e-01  1.37425438e-01]\n",
      " [-2.88719386e-01  4.18684095e-01 -6.30914152e-01 -1.92371950e-01\n",
      "  -6.54785335e-01  3.87638658e-01 -2.47444063e-01 -1.68810323e-01\n",
      "   3.90836328e-01 -5.00358343e-01]\n",
      " [-1.93101048e-01 -3.14656436e-01  4.39815596e-03  1.08272180e-01\n",
      "  -4.99063820e-01 -3.25727016e-01 -9.18486238e-01  3.75506997e-01\n",
      "  -7.17385650e-01 -3.47554684e-01]\n",
      " [ 6.42317086e-02  3.25475991e-01  2.47476250e-02  3.22177783e-02\n",
      "   4.85504121e-01 -3.37286919e-01 -3.27708811e-01  1.71642318e-01\n",
      "   5.56613684e-01  1.18967973e-01]\n",
      " [ 3.69573623e-01  4.77058619e-01 -4.98959541e-01  3.39418262e-01\n",
      "   1.99658692e-01  1.56293493e-02  1.15209185e-01 -6.48970127e-01\n",
      "   9.58481058e-02 -6.69104606e-02]\n",
      " [-2.23401383e-01 -2.85238385e-01  4.71641004e-01  3.92812818e-01\n",
      "  -2.73967475e-01  2.38413215e-01 -1.69069648e-01  2.35692248e-01\n",
      "  -1.56812653e-01  1.87172160e-01]\n",
      " [-6.04135692e-01 -8.12513679e-02  3.98800634e-02 -2.12318704e-01\n",
      "  -2.25194827e-01  1.21182241e-01  1.67551324e-01  1.26271576e-01\n",
      "   1.71040595e-02  1.28044739e-01]\n",
      " [ 1.50394276e-01 -4.49425429e-01 -3.18976551e-01  2.31887102e-01\n",
      "   1.82859719e-01  1.93907946e-01 -1.01665187e+00  2.18151078e-01\n",
      "  -2.91372478e-01 -3.33278030e-01]\n",
      " [-5.95195055e-01  2.83758879e-01 -2.12754339e-01  2.00353473e-01\n",
      "   2.42346734e-01 -2.37263203e-01  1.31052718e-01 -1.16711706e-01\n",
      "  -1.04230368e+00 -1.89229324e-02]\n",
      " [ 2.43024856e-01 -1.14915177e-01  9.52489063e-05  1.62150592e-01\n",
      "  -3.38129789e-01  2.51575023e-01  8.17409903e-02  2.17614062e-02\n",
      "   2.15000868e-01  9.07753631e-02]\n",
      " [-7.61189163e-01  1.09252855e-01  2.97950000e-01  1.24690406e-01\n",
      "   3.79095703e-01 -2.02814832e-01  2.74897456e-01  3.72514069e-01\n",
      "   2.24381998e-01  3.80486399e-01]\n",
      " [ 5.87569512e-02 -2.60885507e-01 -2.18212470e-01 -1.65386945e-01\n",
      "   4.12072867e-01 -1.66481614e-01 -8.40852499e-01 -4.17892963e-01\n",
      "  -3.49574566e-01 -6.10020757e-01]\n",
      " [ 3.18453431e-01  1.47421017e-01  1.99508056e-01  1.60614058e-01\n",
      "   6.55894503e-02 -3.74942213e-01 -8.88315886e-02 -4.76751849e-02\n",
      "  -1.55861825e-02 -3.80227417e-01]\n",
      " [-1.51212752e+00  8.60781252e-01  1.94616973e-01  1.71058804e-01\n",
      "  -3.08096170e-01 -3.15128624e-01  2.78785324e+00 -8.85342015e-04\n",
      "   1.45783448e+00  1.60251164e+00]\n",
      " [ 8.30983277e-03 -1.10427365e-01 -9.23423842e-02 -6.39811873e-01\n",
      "  -1.25281543e-01  2.65173078e-01 -6.43784225e-01  2.61143684e-01\n",
      "  -3.28854211e-02 -3.04143250e-01]\n",
      " [ 6.31612763e-02  2.04656482e-01  1.30856991e-01 -4.76388544e-01\n",
      "  -2.33464420e-01  2.87629455e-01  1.13374978e-01 -1.60034850e-01\n",
      "  -3.08545735e-02 -3.44137371e-01]\n",
      " [-2.08986044e-01  2.52936691e-01  1.27005041e-01 -5.72977364e-01\n",
      "   3.70699048e-01 -1.09582059e-01 -2.78292689e-02 -4.48067635e-02\n",
      "   3.70597750e-01  2.27800533e-01]\n",
      " [-4.64367807e-01  2.13955268e-01 -1.28281221e-01  2.56438464e-01\n",
      "   4.22160834e-01  3.81648391e-01 -2.19809324e-01  3.64737540e-01\n",
      "   7.01698661e-02 -3.54087383e-01]\n",
      " [-1.66401401e-01 -2.53589511e-01  3.92504901e-01 -5.45505702e-01\n",
      "  -1.95804909e-01 -4.00049239e-01  1.72908053e-01  3.29503939e-02\n",
      "   1.57101735e-01  3.85652483e-01]\n",
      " [ 1.73103809e-01 -2.67523736e-01 -1.24373185e-02  1.99790880e-01\n",
      "  -1.51788652e-01  5.85181378e-02 -3.02878261e-01 -2.28059277e-01\n",
      "   1.39036134e-01 -1.70356855e-01]\n",
      " [ 4.28113401e-01 -3.20980489e-01  1.89747978e-02  1.95273325e-01\n",
      "   1.56859577e-01  2.41557717e-01 -1.29652667e+00  2.34069809e-01\n",
      "  -1.49598241e-01  2.24708557e-01]\n",
      " [ 6.73766881e-02 -1.74723923e-01 -7.03323707e-02  1.29231021e-01\n",
      "  -4.54877764e-01  2.81864226e-01 -8.40435252e-02  5.93877286e-02\n",
      "  -1.45918712e-01 -3.71636152e-01]\n",
      " [-1.19342886e-01  9.54520181e-02  2.02011779e-01  1.57748416e-01\n",
      "   9.09241214e-02  5.40946484e-01  1.84331797e-02 -2.01802805e-01\n",
      "  -1.01475310e+00 -2.64158864e-02]]\n",
      "Transpose [[ 2.09970653e-01  4.21160609e-01  7.03545008e-03 -2.88719386e-01\n",
      "  -1.93101048e-01  6.42317086e-02  3.69573623e-01 -2.23401383e-01\n",
      "  -6.04135692e-01  1.50394276e-01 -5.95195055e-01  2.43024856e-01\n",
      "  -7.61189163e-01  5.87569512e-02  3.18453431e-01 -1.51212752e+00\n",
      "   8.30983277e-03  6.31612763e-02 -2.08986044e-01 -4.64367807e-01\n",
      "  -1.66401401e-01  1.73103809e-01  4.28113401e-01  6.73766881e-02\n",
      "  -1.19342886e-01]\n",
      " [ 2.31094584e-01  2.57562071e-01 -2.08292022e-01  4.18684095e-01\n",
      "  -3.14656436e-01  3.25475991e-01  4.77058619e-01 -2.85238385e-01\n",
      "  -8.12513679e-02 -4.49425429e-01  2.83758879e-01 -1.14915177e-01\n",
      "   1.09252855e-01 -2.60885507e-01  1.47421017e-01  8.60781252e-01\n",
      "  -1.10427365e-01  2.04656482e-01  2.52936691e-01  2.13955268e-01\n",
      "  -2.53589511e-01 -2.67523736e-01 -3.20980489e-01 -1.74723923e-01\n",
      "   9.54520181e-02]\n",
      " [ 5.64669609e-01  4.04728204e-02 -3.37026596e-01 -6.30914152e-01\n",
      "   4.39815596e-03  2.47476250e-02 -4.98959541e-01  4.71641004e-01\n",
      "   3.98800634e-02 -3.18976551e-01 -2.12754339e-01  9.52489063e-05\n",
      "   2.97950000e-01 -2.18212470e-01  1.99508056e-01  1.94616973e-01\n",
      "  -9.23423842e-02  1.30856991e-01  1.27005041e-01 -1.28281221e-01\n",
      "   3.92504901e-01 -1.24373185e-02  1.89747978e-02 -7.03323707e-02\n",
      "   2.02011779e-01]\n",
      " [ 2.27112040e-01  2.15919942e-01 -1.23962291e-01 -1.92371950e-01\n",
      "   1.08272180e-01  3.22177783e-02  3.39418262e-01  3.92812818e-01\n",
      "  -2.12318704e-01  2.31887102e-01  2.00353473e-01  1.62150592e-01\n",
      "   1.24690406e-01 -1.65386945e-01  1.60614058e-01  1.71058804e-01\n",
      "  -6.39811873e-01 -4.76388544e-01 -5.72977364e-01  2.56438464e-01\n",
      "  -5.45505702e-01  1.99790880e-01  1.95273325e-01  1.29231021e-01\n",
      "   1.57748416e-01]\n",
      " [-2.01320708e-01 -2.65837759e-01 -1.18806116e-01 -6.54785335e-01\n",
      "  -4.99063820e-01  4.85504121e-01  1.99658692e-01 -2.73967475e-01\n",
      "  -2.25194827e-01  1.82859719e-01  2.42346734e-01 -3.38129789e-01\n",
      "   3.79095703e-01  4.12072867e-01  6.55894503e-02 -3.08096170e-01\n",
      "  -1.25281543e-01 -2.33464420e-01  3.70699048e-01  4.22160834e-01\n",
      "  -1.95804909e-01 -1.51788652e-01  1.56859577e-01 -4.54877764e-01\n",
      "   9.09241214e-02]\n",
      " [-2.73639143e-01 -5.50548196e-01 -2.73295730e-01  3.87638658e-01\n",
      "  -3.25727016e-01 -3.37286919e-01  1.56293493e-02  2.38413215e-01\n",
      "   1.21182241e-01  1.93907946e-01 -2.37263203e-01  2.51575023e-01\n",
      "  -2.02814832e-01 -1.66481614e-01 -3.74942213e-01 -3.15128624e-01\n",
      "   2.65173078e-01  2.87629455e-01 -1.09582059e-01  3.81648391e-01\n",
      "  -4.00049239e-01  5.85181378e-02  2.41557717e-01  2.81864226e-01\n",
      "   5.40946484e-01]\n",
      " [ 1.49277166e-01  4.16116655e-01 -1.14528023e-01 -2.47444063e-01\n",
      "  -9.18486238e-01 -3.27708811e-01  1.15209185e-01 -1.69069648e-01\n",
      "   1.67551324e-01 -1.01665187e+00  1.31052718e-01  8.17409903e-02\n",
      "   2.74897456e-01 -8.40852499e-01 -8.88315886e-02  2.78785324e+00\n",
      "  -6.43784225e-01  1.13374978e-01 -2.78292689e-02 -2.19809324e-01\n",
      "   1.72908053e-01 -3.02878261e-01 -1.29652667e+00 -8.40435252e-02\n",
      "   1.84331797e-02]\n",
      " [-1.61032721e-01 -2.32197493e-02 -3.18977505e-01 -1.68810323e-01\n",
      "   3.75506997e-01  1.71642318e-01 -6.48970127e-01  2.35692248e-01\n",
      "   1.26271576e-01  2.18151078e-01 -1.16711706e-01  2.17614062e-02\n",
      "   3.72514069e-01 -4.17892963e-01 -4.76751849e-02 -8.85342015e-04\n",
      "   2.61143684e-01 -1.60034850e-01 -4.48067635e-02  3.64737540e-01\n",
      "   3.29503939e-02 -2.28059277e-01  2.34069809e-01  5.93877286e-02\n",
      "  -2.01802805e-01]\n",
      " [-8.34562659e-01  7.04280287e-02  2.12644696e-01  3.90836328e-01\n",
      "  -7.17385650e-01  5.56613684e-01  9.58481058e-02 -1.56812653e-01\n",
      "   1.71040595e-02 -2.91372478e-01 -1.04230368e+00  2.15000868e-01\n",
      "   2.24381998e-01 -3.49574566e-01 -1.55861825e-02  1.45783448e+00\n",
      "  -3.28854211e-02 -3.08545735e-02  3.70597750e-01  7.01698661e-02\n",
      "   1.57101735e-01  1.39036134e-01 -1.49598241e-01 -1.45918712e-01\n",
      "  -1.01475310e+00]\n",
      " [-1.63598537e-01  5.01354516e-01  1.37425438e-01 -5.00358343e-01\n",
      "  -3.47554684e-01  1.18967973e-01 -6.69104606e-02  1.87172160e-01\n",
      "   1.28044739e-01 -3.33278030e-01 -1.89229324e-02  9.07753631e-02\n",
      "   3.80486399e-01 -6.10020757e-01 -3.80227417e-01  1.60251164e+00\n",
      "  -3.04143250e-01 -3.44137371e-01  2.27800533e-01 -3.54087383e-01\n",
      "   3.85652483e-01 -1.70356855e-01  2.24708557e-01 -3.71636152e-01\n",
      "  -2.64158864e-02]]\n",
      "normal [ 0.5518398   0.36323273 -0.1310849  -0.3803474   0.08559006  0.01700789\n",
      "  0.13562575 -0.3275265   0.48282012 -0.1509632 ]\n",
      "Transpose [ 0.5518398   0.36323273 -0.1310849  -0.3803474   0.08559006  0.01700789\n",
      "  0.13562575 -0.3275265   0.48282012 -0.1509632 ]\n",
      "normal [[-0.24639761  0.3685437  -0.20667994  0.63942766 -0.48512432 -0.20601453\n",
      "   0.958606   -0.766703   -0.62915105 -0.16087309]\n",
      " [-0.7120818  -0.2213763  -0.6161836  -0.28030652 -0.16592601  0.01428368\n",
      "  -0.02218036  0.18670039 -0.05923353  0.38925353]\n",
      " [-0.03025977  0.18113941  0.04013579 -0.24923514  0.04662795 -0.21779495\n",
      "  -0.11618838  0.27686477 -0.12692934 -0.14645813]\n",
      " [ 0.13050388 -0.6194431  -0.973638    0.3490971  -0.49283633  0.3569953\n",
      "  -0.21654762  0.297072   -0.37069076 -0.4503835 ]\n",
      " [ 0.23440604 -0.0149708  -0.43628553  0.4789739  -0.5720514   0.28325596\n",
      "   0.4510182   0.3071759  -0.8270983  -1.0178827 ]\n",
      " [ 0.11227678  0.4020732  -0.01430387  0.33558398  0.14979517  0.40087056\n",
      "   0.56262153 -0.0898812  -0.39212254  0.19313116]\n",
      " [ 0.18044059 -0.0948576   0.07735054 -1.2553809  -0.37033975  0.96087897\n",
      "  -0.62376523  0.97630143  0.5467848   1.1653717 ]\n",
      " [-0.3809998   0.2525388  -0.48733908  0.30896747  0.00154836 -1.0678046\n",
      "  -0.38455144  0.22028424  0.40647805 -0.58109504]\n",
      " [-0.29596746 -0.19207183 -0.5588279   0.12817945 -0.23813887  0.05867399\n",
      "   0.29090765  0.5027989   0.23116076  0.11913682]\n",
      " [-0.03850375 -0.61140555  0.42096528 -0.28724584  0.06309307 -0.41296995\n",
      "  -0.22518104  0.10956753  0.17092451  0.46520787]]\n",
      "Transpose [[-0.24639761 -0.7120818  -0.03025977  0.13050388  0.23440604  0.11227678\n",
      "   0.18044059 -0.3809998  -0.29596746 -0.03850375]\n",
      " [ 0.3685437  -0.2213763   0.18113941 -0.6194431  -0.0149708   0.4020732\n",
      "  -0.0948576   0.2525388  -0.19207183 -0.61140555]\n",
      " [-0.20667994 -0.6161836   0.04013579 -0.973638   -0.43628553 -0.01430387\n",
      "   0.07735054 -0.48733908 -0.5588279   0.42096528]\n",
      " [ 0.63942766 -0.28030652 -0.24923514  0.3490971   0.4789739   0.33558398\n",
      "  -1.2553809   0.30896747  0.12817945 -0.28724584]\n",
      " [-0.48512432 -0.16592601  0.04662795 -0.49283633 -0.5720514   0.14979517\n",
      "  -0.37033975  0.00154836 -0.23813887  0.06309307]\n",
      " [-0.20601453  0.01428368 -0.21779495  0.3569953   0.28325596  0.40087056\n",
      "   0.96087897 -1.0678046   0.05867399 -0.41296995]\n",
      " [ 0.958606   -0.02218036 -0.11618838 -0.21654762  0.4510182   0.56262153\n",
      "  -0.62376523 -0.38455144  0.29090765 -0.22518104]\n",
      " [-0.766703    0.18670039  0.27686477  0.297072    0.3071759  -0.0898812\n",
      "   0.97630143  0.22028424  0.5027989   0.10956753]\n",
      " [-0.62915105 -0.05923353 -0.12692934 -0.37069076 -0.8270983  -0.39212254\n",
      "   0.5467848   0.40647805  0.23116076  0.17092451]\n",
      " [-0.16087309  0.38925353 -0.14645813 -0.4503835  -1.0178827   0.19313116\n",
      "   1.1653717  -0.58109504  0.11913682  0.46520787]]\n",
      "normal [-0.5854931  -0.06117089 -0.24173595  0.17925857 -0.936355    0.18813914\n",
      "  0.13134949  0.04132507  0.40768224  0.29987794]\n",
      "Transpose [-0.5854931  -0.06117089 -0.24173595  0.17925857 -0.936355    0.18813914\n",
      "  0.13134949  0.04132507  0.40768224  0.29987794]\n",
      "normal [[ 0.41375983]\n",
      " [-0.10875144]\n",
      " [ 0.31972024]\n",
      " [-0.56211764]\n",
      " [ 0.16606922]\n",
      " [ 0.33737957]\n",
      " [-0.11298771]\n",
      " [ 0.61149263]\n",
      " [ 0.09088434]\n",
      " [ 0.7640841 ]]\n",
      "Transpose [[ 0.41375983 -0.10875144  0.31972024 -0.56211764  0.16606922  0.33737957\n",
      "  -0.11298771  0.61149263  0.09088434  0.7640841 ]]\n",
      "normal [0.02334324]\n",
      "Transpose [0.02334324]\n",
      "Writing HLS project\n"
     ]
    },
    {
     "name": "stdout",
     "output_type": "stream",
     "text": [
      "Done\n"
     ]
    }
   ],
   "source": [
    "import hls4ml\n",
    "\n",
    "#Data Processing\n",
    "import sys\n",
    "\n",
    "#ML model\n",
    "from tensorflow.keras.models import load_model\n",
    "\n",
    "keras_model = load_model('../models/Feb_4_2023_JetMetTalk_v1_pTShape_EMSeed.h5')\n",
    "model_tag = 'Tau_EM'\n",
    "\n",
    "# Create conversion config\n",
    "yaml_config = {}\n",
    "yaml_config['KerasModel'] = keras_model\n",
    "yaml_config['OutputDir'] = model_tag\n",
    "yaml_config['ProjectName'] = 'myproject'\n",
    "yaml_config['Part'] = 'xcvu9p-flgb2104-2-i'\n",
    "yaml_config['ClockPeriod'] = 5\n",
    "yaml_config['IOType'] = 'io_parallel'\n",
    "yaml_config['Backend'] = 'Vivado'\n",
    "\n",
    "yaml_config['HLSConfig'] = {\n",
    "'Model': {\n",
    "'Precision': 'ap_fixed<16,8>',\n",
    "'ReuseFactor': 5,\n",
    "'Strategy': 'Resource'}}\n",
    "\n",
    "\n",
    "hls_model = hls4ml.converters.keras_to_hls(yaml_config)\n",
    "\n",
    "hls_model.compile()\n",
    "# hls_model.build(csim=False, reset = True)\n",
    "# hls4ml.report.read_vivado_report(model_tag)"
   ]
  },
  {
   "cell_type": "markdown",
   "id": "c53cd7a7",
   "metadata": {},
   "source": [
    "----- "
   ]
  },
  {
   "cell_type": "markdown",
   "id": "b854d091",
   "metadata": {},
   "source": [
    "## Weights"
   ]
  },
  {
   "cell_type": "code",
   "execution_count": 5,
   "id": "31d54d82",
   "metadata": {},
   "outputs": [
    {
     "name": "stderr",
     "output_type": "stream",
     "text": [
      "2023-04-13 10:40:19.008547: W tensorflow/c/c_api.cc:291] Operation '{name:'dense_2_1/bias/Assign' id:418 op device:{requested: '', assigned: ''} def:{{{node dense_2_1/bias/Assign}} = AssignVariableOp[_has_manual_control_dependencies=true, dtype=DT_FLOAT, validate_shape=false](dense_2_1/bias, dense_2_1/bias/Initializer/zeros)}}' was changed by setting attribute after it was run by a session. This mutation will have no effect, and will trigger an error in the future. Either don't modify nodes after running them or create a new session.\n",
      "2023-04-13 10:40:47.658459: W tensorflow/c/c_api.cc:291] Operation '{name:'dense_1_1/kernel/v/Assign' id:618 op device:{requested: '', assigned: ''} def:{{{node dense_1_1/kernel/v/Assign}} = AssignVariableOp[_has_manual_control_dependencies=true, dtype=DT_FLOAT, validate_shape=false](dense_1_1/kernel/v, dense_1_1/kernel/v/Initializer/zeros)}}' was changed by setting attribute after it was run by a session. This mutation will have no effect, and will trigger an error in the future. Either don't modify nodes after running them or create a new session.\n"
     ]
    }
   ],
   "source": [
    "from keras import backend as K                                                                                                                                                                                                                           \n",
    "from keras.models import load_model\n",
    "\n",
    "import tensorflow.compat.v1 as tf\n",
    "tf.disable_v2_behavior()\n",
    "\n",
    "\n",
    "model  = load_model('../models/Feb_4_2023_JetMetTalk_v1_pTShape_EMSeed.h5')                                                                                                                                                                "
   ]
  },
  {
   "cell_type": "code",
   "execution_count": 6,
   "id": "757304d0",
   "metadata": {},
   "outputs": [],
   "source": [
    "first_layer_weights = model.layers[0].get_weights()[0]\n",
    "first_layer_biases  = model.layers[0].get_weights()[1]\n",
    "second_layer_weights = model.layers[1].get_weights()[0]\n",
    "second_layer_biases  = model.layers[1].get_weights()[1]"
   ]
  },
  {
   "cell_type": "code",
   "execution_count": 8,
   "id": "d9119e4c",
   "metadata": {},
   "outputs": [
    {
     "data": {
      "text/plain": [
       "array([[-0.24994563,  1.2868135 ,  0.06714126, ..., -0.38739282,\n",
       "        -2.6767962 , -1.849587  ],\n",
       "       [-0.0159213 ,  0.13748017, -0.60412   , ..., -1.1213598 ,\n",
       "         0.40217704, -0.04740064],\n",
       "       [ 0.0298471 ,  0.3907948 , -0.3846691 , ..., -0.9563499 ,\n",
       "         0.49060968,  0.06504993],\n",
       "       ...,\n",
       "       [-0.19190465, -0.33962274,  0.01870272, ...,  0.26902235,\n",
       "         1.56427   ,  0.42877647],\n",
       "       [-0.00814264, -0.08765265,  0.10997168, ...,  1.5735186 ,\n",
       "        -0.23800702,  0.41920695],\n",
       "       [-0.15155232, -0.11767972,  0.2667966 , ...,  0.590647  ,\n",
       "         0.7030928 ,  0.491242  ]], dtype=float32)"
      ]
     },
     "execution_count": 8,
     "metadata": {},
     "output_type": "execute_result"
    }
   ],
   "source": [
    "first_layer_weights.T"
   ]
  },
  {
   "cell_type": "code",
   "execution_count": 11,
   "id": "099fa5e9",
   "metadata": {},
   "outputs": [
    {
     "name": "stdout",
     "output_type": "stream",
     "text": [
      "-0.12057505\n",
      "-0.054096356\n",
      "0.27422485\n",
      "0.4977592\n",
      "-0.73482585\n",
      "0.44995615\n",
      "0.52624124\n",
      "-0.71328187\n",
      "-0.43596983\n",
      "0.107728705\n",
      "-0.68372047\n",
      "0.22197038\n",
      "-0.53673136\n",
      "-0.0077099954\n",
      "0.061408214\n",
      "1.288661\n",
      "-0.12453079\n",
      "0.16897179\n",
      "0.18858922\n",
      "-0.17255782\n"
     ]
    }
   ],
   "source": [
    "for i in range(20): \n",
    "    print(first_layer_biases.T[i])"
   ]
  },
  {
   "cell_type": "code",
   "execution_count": 12,
   "id": "8d03e311",
   "metadata": {},
   "outputs": [
    {
     "name": "stdout",
     "output_type": "stream",
     "text": [
      "-0.12057505\n",
      "-0.054096356\n",
      "0.27422485\n",
      "0.4977592\n",
      "-0.73482585\n",
      "0.44995615\n",
      "0.52624124\n",
      "-0.71328187\n",
      "-0.43596983\n",
      "0.107728705\n",
      "-0.68372047\n",
      "0.22197038\n",
      "-0.53673136\n",
      "-0.0077099954\n",
      "0.061408214\n",
      "1.288661\n",
      "-0.12453079\n",
      "0.16897179\n",
      "0.18858922\n",
      "-0.17255782\n"
     ]
    }
   ],
   "source": [
    "for i in range(20): \n",
    "    print(first_layer_biases[i])"
   ]
  },
  {
   "cell_type": "code",
   "execution_count": null,
   "id": "c40c2036",
   "metadata": {},
   "outputs": [],
   "source": []
  }
 ],
 "metadata": {
  "kernelspec": {
   "display_name": "Python 3 (ipykernel)",
   "language": "python",
   "name": "python3"
  },
  "language_info": {
   "codemirror_mode": {
    "name": "ipython",
    "version": 3
   },
   "file_extension": ".py",
   "mimetype": "text/x-python",
   "name": "python",
   "nbconvert_exporter": "python",
   "pygments_lexer": "ipython3",
   "version": "3.8.15"
  }
 },
 "nbformat": 4,
 "nbformat_minor": 5
}
